156
157
158
0
4
0
4
4
0
4
0
86
112
138
4
1
0
1
1
0
1
0
85
111
137
0
1
4
1
1
0
1
0
73
99
125
0
1
0
1
1
4
1
0
72
98
124
0
1
0
1
1
0
1
4
93
94
95
0
4
0
1
1
0
1
0
106
119
132
0
1
0
1
4
0
1
0
80
81
82
0
1
0
1
1
0
4
0
107
120
133
0
1
0
4
1
0
1
0
74
100
126
0
4
0
4
1
0
1
0
75
101
107
0
4
0
1
4
0
1
0
87
113
139
0
1
0
4
1
0
4
0
88
114
140
0
1
0
1
4
0
4
0
122
135
148
0
1
0
4
4
0
4
0
84
97
110
0
4
0
4
1
0
4
0
108
121
134
0
1
0
4
4
0
1
0
145
146
147
0
4
0
1
1
0
4
0
83
96
109
0
4
0
4
4
0
1
0
123
136
149
0
4
0
1
4
0
4
0
13
14
15
0
2
0
1
1
0
4
0
29
30
31
0
4
0
1
1
0
2
0
60
61
62
0
1
0
4
2
0
1
0
76
89
102
0
1
0
2
1
0
4
0
45
46
47
0
1
0
2
4
0
1
0
77
90
103
0
1
0
1
2
0
4
0
78
91
104
0
2
0
2
2
0
4
0
79
92
105
0
1
0
2
2
0
4
0
115
128
141
0
4
0
2
1
0
1
0
116
129
142
0
4
0
1
2
0
1
0
117
130
143
0
4
0
2
2
0
2
0
118
131
144
0
4
0
2
2
0
1
0
150
151
152
0
2
0
4
1
0
1
0
153
154
155
0
2
0
1
4
0
1
0
159
160
161
0
2
0
4
4
0
2
0
162
163
164
0
1
0
4
1
0
2
0
165
166
167
0
1
0
1
4
0
2
0
168
175
182
0
4
0
2
2
0
4
0
169
170
171
0
2
0
4
2
0
2
0
172
173
174
0
2
0
2
4
0
2
0
176
177
178
0
2
0
4
1
0
2
0
179
180
181
0
2
0
1
4
0
2
0
0
16
32
0
1
0
2
1
0
1
0
1
2
3
0
2
0
1
1
0
1
0
4
20
36
0
1
0
1
2
0
1
0
5
21
37
0
1
0
2
2
0
1
0
6
7
8
0
2
0
2
2
0
1
0
9
25
41
0
2
0
2
1
0
2
0
10
26
42
2
1
1
1
1
2
1
1
11
27
43
1
1
2
1
1
1
1
2
12
28
44
0
2
0
1
2
0
2
0
17
18
19
0
1
0
1
1
0
1
0
22
23
24
2
1
2
1
1
1
1
1
33
34
35
0
1
0
1
1
0
2
0
38
39
40
1
1
1
1
1
2
1
2
48
50
52
0
2
0
2
1
0
1
0
49
51
53
0
2
0
1
2
0
1
0
54
55
56
0
1
0
2
2
0
2
0
57
58
59
0
2
0
2
2
0
2
0
63
65
67
0
1
0
2
1
0
2
0
64
66
68
0
1
0
1
2
0
2
0
69
70
71
0
2
0
1
1
0
1
0
