Random
156
157
158
0
4
0
4
4
0
4
0
Random
86
112
138
4
1
0
1
1
0
1
0
Random
85
111
137
0
1
4
1
1
0
1
0
Random
73
99
125
0
1
0
1
1
4
1
0
Random
72
98
124
0
1
0
1
1
0
1
4
Random
93
94
95
0
4
0
1
1
0
1
0
Random
106
119
132
0
1
0
1
4
0
1
0
Random
80
81
82
0
1
0
1
1
0
4
0
Random
107
120
133
0
1
0
4
1
0
1
0
Random
74
100
126
0
4
0
4
1
0
1
0
Random
75
101
107
0
4
0
1
4
0
1
0
Random
87
113
139
0
1
0
4
1
0
4
0
Random
88
114
140
0
1
0
1
4
0
4
0
Random
122
135
148
0
1
0
4
4
0
4
0
Random
84
97
110
0
4
0
4
1
0
4
0
Random
108
121
134
0
1
0
4
4
0
1
0
Random
145
146
147
0
4
0
1
1
0
4
0
Random
83
96
109
0
4
0
4
4
0
1
0
Random
123
136
149
0
4
0
1
4
0
4
0
Random
13
14
15
0
2
0
1
1
0
4
0
Random
29
30
31
0
4
0
1
1
0
2
0
Random
60
61
62
0
1
0
4
2
0
1
0
Random
76
89
102
0
1
0
2
1
0
4
0
Random
45
46
47
0
1
0
2
4
0
1
0
Random
77
90
103
0
1
0
1
2
0
4
0
Random
78
91
104
0
2
0
2
2
0
4
0
Random
79
92
105
0
1
0
2
2
0
4
0
Random
115
128
141
0
4
0
2
1
0
1
0
Random
116
129
142
0
4
0
1
2
0
1
0
Random
117
130
143
0
4
0
2
2
0
2
0
Random
118
131
144
0
4
0
2
2
0
1
0
Random
150
151
152
0
2
0
4
1
0
1
0
Random
153
154
155
0
2
0
1
4
0
1
0
Random
159
160
161
0
2
0
4
4
0
2
0
Random
162
163
164
0
1
0
4
1
0
2
0
Random
165
166
167
0
1
0
1
4
0
2
0
Random
168
175
182
0
4
0
2
2
0
4
0
Random
169
170
171
0
2
0
4
2
0
2
0
Random
172
173
174
0
2
0
2
4
0
2
0
Random
176
177
178
0
2
0
4
1
0
2
0
Random
179
180
181
0
2
0
1
4
0
2
0
Random
0
16
32
0
1
0
2
1
0
1
0
Random
1
2
3
0
2
0
1
1
0
1
0
Random
4
20
36
0
1
0
1
2
0
1
0
Random
5
21
37
0
1
0
2
2
0
1
0
Random
6
7
8
0
2
0
2
2
0
1
0
Random
9
25
41
0
2
0
2
1
0
2
0
Random
12
28
44
0
2
0
1
2
0
2
0
Random
10
26
42
2
1
1
1
1
2
1
1
Random
11
27
43
1
1
2
1
1
1
1
2
Random
33
34
35
0
1
0
1
1
0
2
0
Random
22
23
24
2
1
2
1
1
1
1
1
Random
38
39
40
1
1
1
1
1
2
1
2
Random
17
18
19
0
1
0
1
1
0
1
0
Random
48
50
52
0
2
0
2
1
0
1
0
Random
49
51
53
0
2
0
1
2
0
1
0
Random
54
55
56
0
1
0
2
2
0
2
0
Random
57
58
59
0
2
0
2
2
0
2
0
Random
63
65
67
0
1
0
2
1
0
2
0
Random
64
66
68
0
1
0
1
2
0
2
0
Random
69
70
71
0
2
0
1
1
0
2
0
